0 0 0 0.5
0.272166 0.272166 0.544331 0.166667
0.420314 0.420314 0.618405 0.0555556
0.461844 0.304709 0.43322 0.0555556
0.304709 0.461844 0.43322 0.0555556
0.230635 0.38777 0.729516 0.0555556
0.115031 0.4293 0.544331 0.0555556
0.082487 0.239622 0.655442 0.0555556
0.38777 0.230635 0.729516 0.0555556
0.239622 0.082487 0.655442 0.0555556
0.4293 0.115031 0.544331 0.0555556
0.643951 0.172546 9.28087e-17 0.166667
0.802608 0.281471 -0.111111 0.0555556
0.643951 0.172546 -0.222222 0.0555556
0.594141 0.358439 -0.111111 0.0555556
0.802608 0.281471 0.111111 0.0555556
0.594141 0.358439 0.111111 0.0555556
0.643951 0.172546 0.222222 0.0555556
0.852418 0.0955788 1.79739e-16 0.0555556
0.69376 -0.0133465 0.111111 0.0555556
0.69376 -0.0133465 -0.111111 0.0555556
0.172546 0.643951 9.28087e-17 0.166667
0.281471 0.802608 -0.111111 0.0555556
0.358439 0.594141 -0.111111 0.0555556
0.172546 0.643951 -0.222222 0.0555556
0.0955788 0.852418 9.30096e-17 0.0555556
-0.0133465 0.69376 -0.111111 0.0555556
-0.0133465 0.69376 0.111111 0.0555556
0.281471 0.802608 0.111111 0.0555556
0.172546 0.643951 0.222222 0.0555556
0.358439 0.594141 0.111111 0.0555556
-0.371785 0.0996195 0.544331 0.166667
-0.393621 0.220501 0.729516 0.0555556
-0.191247 0.166275 0.655442 0.0555556
-0.31427 0.31427 0.544331 0.0555556
-0.574159 0.153845 0.618405 0.0555556
-0.494808 0.247614 0.43322 0.0555556
-0.552323 0.0329639 0.43322 0.0555556
-0.451136 0.0058509 0.729516 0.0555556
-0.4293 -0.115031 0.544331 0.0555556
-0.248762 -0.0483751 0.655442 0.0555556
-0.471405 0.471405 9.28087e-17 0.166667
-0.508983 0.690426 8.46389e-17 0.0555556
-0.335322 0.607487 0.111111 0.0555556
-0.335322 0.607487 -0.111111 0.0555556
-0.645066 0.554344 -0.111111 0.0555556
-0.471405 0.471405 -0.222222 0.0555556
-0.607487 0.335322 -0.111111 0.0555556
-0.645066 0.554344 0.111111 0.0555556
-0.607487 0.335322 0.111111 0.0555556
-0.471405 0.471405 0.222222 0.0555556
-0.643951 -0.172546 9.28087e-17 0.166667
-0.835815 -0.157543 0.111111 0.0555556
-0.643951 -0.172546 0.222222 0.0555556
-0.69376 0.0133465 0.111111 0.0555556
-0.835815 -0.157543 -0.111111 0.0555556
-0.69376 0.0133465 -0.111111 0.0555556
-0.643951 -0.172546 -0.222222 0.0555556
-0.786005 -0.343435 5.89389e-17 0.0555556
-0.594141 -0.358439 -0.111111 0.0555556
-0.594141 -0.358439 0.111111 0.0555556
0.0996195 -0.371785 0.544331 0.166667
0.220501 -0.393621 0.729516 0.0555556
0.31427 -0.31427 0.544331 0.0555556
0.166275 -0.191247 0.655442 0.0555556
0.0058509 -0.451136 0.729516 0.0555556
-0.0483751 -0.248762 0.655442 0.0555556
-0.115031 -0.4293 0.544331 0.0555556
0.153845 -0.574159 0.618405 0.0555556
0.0329639 -0.552323 0.43322 0.0555556
0.247614 -0.494808 0.43322 0.0555556
-0.172546 -0.643951 9.28087e-17 0.166667
-0.157543 -0.835815 0.111111 0.0555556
0.0133465 -0.69376 0.111111 0.0555556
-0.172546 -0.643951 0.222222 0.0555556
-0.343435 -0.786005 6.66724e-17 0.0555556
-0.358439 -0.594141 0.111111 0.0555556
-0.358439 -0.594141 -0.111111 0.0555556
-0.157543 -0.835815 -0.111111 0.0555556
-0.172546 -0.643951 -0.222222 0.0555556
0.0133465 -0.69376 -0.111111 0.0555556
0.471405 -0.471405 9.28087e-17 0.166667
0.690426 -0.508983 1.78087e-16 0.0555556
0.607487 -0.335322 -0.111111 0.0555556
0.607487 -0.335322 0.111111 0.0555556
0.554344 -0.645066 0.111111 0.0555556
0.471405 -0.471405 0.222222 0.0555556
0.335322 -0.607487 0.111111 0.0555556
0.554344 -0.645066 -0.111111 0.0555556
0.335322 -0.607487 -0.111111 0.0555556
0.471405 -0.471405 -0.222222 0.0555556
